28
JF934731.1_Enterobius_vermicularis 0.0000000 0.0050280 0.0053109 0.1229189 0.1121640 0.1371710 0.1251690 0.1180931 0.1527026 0.1527026 0.1526507 0.1526507 0.1492527 0.1492527 0.1645681 0.1645681 1.1399910 1.5952260 1.4651473 1.4129408 0.0965033 0.0976121 0.1064070 0.0975530 0.0961127 0.0967881 0.0808503 1.4096917 
FR687850.1_Enterobius_vermicularis 0.0050280 0.0000000 0.0000010 0.1802875 0.1679286 0.1378730 0.1411097 0.1306284 0.1440554 0.1440554 0.1440031 0.1440031 0.1386567 0.1386567 0.1565270 0.1565270 1.8144275 1.6010672 1.5421031 1.2614133 0.1256092 0.0973932 0.1028289 0.0973932 0.0973377 0.0973932 0.0601025 1.2837697 
AB626598.1_Enterobius_vermicularis 0.0053109 0.0000010 0.0000000 0.1911243 0.1813036 0.1378730 0.1466707 0.1371995 0.1465583 0.1465583 0.1465042 0.1465042 0.1410536 0.1410536 0.1592736 0.1592736 1.5884775 1.6713782 1.5984991 1.2534241 0.1309857 0.1002207 0.1059756 0.1002207 0.1001602 0.1002207 0.0491843 1.2593082 
EF464553.1_Syphacia_muris          0.1229189 0.1802875 0.1911243 0.0000000 0.2096635 0.1036050 0.0233929 0.0661919 0.1209579 0.1209579 0.1209579 0.1209579 0.1170301 0.1170301 0.1288668 0.1288668 0.6572636 1.5448301 1.4138768 1.6302414 0.3392477 0.0878080 0.1480426 0.0850155 0.0830444 0.0835666 0.0682200 1.5727046 
EF464554.1_Syphacia_obvelata       0.1121640 0.1679286 0.1813036 0.2096635 0.0000000 0.0317654 0.0687025 0.0125092 0.0333272 0.0333272 0.0333272 0.0333272 0.0367626 0.0367626 0.0577038 0.0577038 0.1695234 1.4033210 1.3023428 1.5019760 0.2987950 0.0821222 0.1232807 0.0793510 0.0774022 0.0787289 0.0656828 1.5389627 
AB629697.1_Syphacia_frederici      0.1371710 0.1378730 0.1378730 0.1036050 0.0317654 0.0000000 0.0767386 0.0344076 0.0070492 0.0070492 0.0070468 0.0070468 0.0014027 0.0014027 0.0286730 0.0286730 1.0434854 1.4679960 1.3415876 1.2570846 0.1051654 0.0726521 0.0810901 0.0726521 0.0741625 0.0726521 0.0000010 1.3186322 
KY462829.1_Syphacia_muris          0.1251690 0.1411097 0.1466707 0.0233929 0.0687025 0.0767386 0.0000000 0.0524960 0.0743972 0.0743972 0.0743731 0.0743731 0.0729315 0.0729315 0.0846831 0.0846831 0.9877913 1.4880785 1.3699874 1.4178855 0.0859056 0.0848542 0.1048895 0.0829476 0.0834782 0.0810460 0.0725491 1.4475227 
KY462826.1_Syphacia_obvelata       0.1180931 0.1306284 0.1371995 0.0661919 0.0125092 0.0344076 0.0524960 0.0000000 0.0306171 0.0306171 0.0278830 0.0278830 0.0319837 0.0319837 0.0471992 0.0471992 0.9897455 1.4149527 1.3125938 1.3933217 0.0711587 0.0746929 0.0860407 0.0735629 0.0734493 0.0727902 0.0637460 1.4006237 
OK138900.1_Syphacia_obvelata       0.1527026 0.1440554 0.1465583 0.1209579 0.0333272 0.0070492 0.0743972 0.0306171 0.0000000 0.0000010 0.0025575 0.0025575 0.0051273 0.0051273 0.0234019 0.0234019 1.0556687 1.5198773 1.3731851 1.2150573 0.1231678 0.0807831 0.0830659 0.0807831 0.0837429 0.0807831 0.0000010 1.2578015 
OK138907.1_Syphacia_obvelata       0.1527026 0.1440554 0.1465583 0.1209579 0.0333272 0.0070492 0.0743972 0.0306171 0.0000010 0.0000000 0.0025575 0.0025575 0.0051273 0.0051273 0.0234019 0.0234019 1.0556687 1.5198773 1.3731851 1.2150573 0.1231678 0.0807831 0.0830659 0.0807831 0.0837429 0.0807831 0.0000010 1.2578015 
OK138885.1_Syphacia_nigeriana      0.1526507 0.1440031 0.1465042 0.1209579 0.0333272 0.0070468 0.0743731 0.0278830 0.0025575 0.0025575 0.0000000 0.0000010 0.0051257 0.0051257 0.0233946 0.0233946 1.0556687 1.5198773 1.3731851 1.2198633 0.1231678 0.0808267 0.0831136 0.0808267 0.0837881 0.0808267 0.0000010 1.2628863 
OK138886.1_Syphacia_nigeriana      0.1526507 0.1440031 0.1465042 0.1209579 0.0333272 0.0070468 0.0743731 0.0278830 0.0025575 0.0025575 0.0000010 0.0000000 0.0051257 0.0051257 0.0233946 0.0233946 1.0556687 1.5198773 1.3731851 1.2198633 0.1231678 0.0808267 0.0831136 0.0808267 0.0837881 0.0808267 0.0000010 1.2628863 
OK138897.1_Syphacia_frederici      0.1492527 0.1386567 0.1410536 0.1170301 0.0367626 0.0014027 0.0729315 0.0319837 0.0051273 0.0051273 0.0051257 0.0051257 0.0000000 0.0000010 0.0260582 0.0260582 1.0556687 1.5198773 1.3731851 1.1970775 0.1191620 0.0778145 0.0814826 0.0778145 0.0807611 0.0778145 0.0000010 1.2390817 
OK138899.1_Syphacia_frederici      0.1492527 0.1386567 0.1410536 0.1170301 0.0367626 0.0014027 0.0729315 0.0319837 0.0051273 0.0051273 0.0051257 0.0051257 0.0000010 0.0000000 0.0260582 0.0260582 1.0556687 1.5198773 1.3731851 1.1970775 0.1191620 0.0778145 0.0814826 0.0778145 0.0807611 0.0778145 0.0000010 1.2390817 
OK138904.1_Syphacia_stroma         0.1645681 0.1565270 0.1592736 0.1288668 0.0577038 0.0286730 0.0846831 0.0471992 0.0234019 0.0234019 0.0233946 0.0233946 0.0260582 0.0260582 0.0000000 0.0000010 1.0556687 1.5484283 1.4229646 1.2803544 0.1232558 0.0853462 0.0878329 0.0853462 0.0883293 0.0853462 0.0000010 1.3016358 
OK138908.1_Syphacia_stroma         0.1645681 0.1565270 0.1592736 0.1288668 0.0577038 0.0286730 0.0846831 0.0471992 0.0234019 0.0234019 0.0233946 0.0233946 0.0260582 0.0260582 0.0000010 0.0000000 1.0556687 1.5484283 1.4229646 1.2803544 0.1232558 0.0853462 0.0878329 0.0853462 0.0883293 0.0853462 0.0000010 1.3016358 
EU263105.2_Syphacia_obvelata       1.1399910 1.8144275 1.5884775 0.6572636 0.1695234 1.0434854 0.9877913 0.9897455 1.0556687 1.0556687 1.0556687 1.0556687 1.0556687 1.0556687 1.0556687 1.0556687 0.0000000 2.0766303 1.9876195 1.5984112 0.7733931 0.9552101 1.2197160 0.9389888 0.9552101 0.9552101 0.8266129 1.5123457 
MT135057.1_Syphacia_obvelata       1.5952260 1.6010672 1.6713782 1.5448301 1.4033210 1.4679960 1.4880785 1.4149527 1.5198773 1.5198773 1.5198773 1.5198773 1.5198773 1.5198773 1.5484283 1.5484283 2.0766303 0.0000000 0.0507571 1.5135098 1.3266328 1.3266328 1.3057094 1.3266328 1.3266328 1.3266328 1.3013976 1.6481580 
MT135058.1_Syphacia_obvelata       1.4651473 1.5421031 1.5984991 1.4138768 1.3023428 1.3415876 1.3699874 1.3125938 1.3731851 1.3731851 1.3731851 1.3731851 1.3731851 1.3731851 1.4229646 1.4229646 1.9876195 0.0507571 0.0000000 1.5643879 1.2038995 1.2038995 1.2397689 1.2038995 1.2038995 1.2038995 1.1643787 1.6519403 
KT900946.1_Syphacia_obvelata       1.4129408 1.2614133 1.2534241 1.6302414 1.5019760 1.2570846 1.4178855 1.3933217 1.2150573 1.2150573 1.2198633 1.2198633 1.1970775 1.1970775 1.2803544 1.2803544 1.5984112 1.5135098 1.5643879 0.0000000 1.5451103 1.3373280 1.2289091 1.3294599 1.3186284 1.3184459 1.5263893 0.3221485 
EF464551.1_Aspiculuris_tetraptera  0.0965033 0.1256092 0.1309857 0.3392477 0.2987950 0.1051654 0.0859056 0.0711587 0.1231678 0.1231678 0.1231678 0.1231678 0.1191620 0.1191620 0.1232558 0.1232558 0.7733931 1.3266328 1.2038995 1.5451103 0.0000000 0.0065892 0.0497619 0.0049383 0.0024620 0.0025299 0.0000010 1.5413407 
MH215350.1_Aspiculuris_tetraptera  0.0976121 0.0973932 0.1002207 0.0878080 0.0821222 0.0726521 0.0848542 0.0746929 0.0807831 0.0807831 0.0808267 0.0808267 0.0778145 0.0778145 0.0853462 0.0853462 0.9552101 1.3266328 1.2038995 1.3373280 0.0065892 0.0000000 0.0215486 0.0041502 0.0041464 0.0006011 0.0056692 1.3904994 
KP338606.1_Aspiculuris_tetraptera  0.1064070 0.1028289 0.1059756 0.1480426 0.1232807 0.0810901 0.1048895 0.0860407 0.0830659 0.0830659 0.0831136 0.0831136 0.0814826 0.0814826 0.0878329 0.0878329 1.2197160 1.3057094 1.2397689 1.2289091 0.0497619 0.0215486 0.0000000 0.0215486 0.0227675 0.0215486 0.1335267 1.2829675 
KY462827.1_Aspiculuris_tetraptera  0.0975530 0.0973932 0.1002207 0.0850155 0.0793510 0.0726521 0.0829476 0.0735629 0.0807831 0.0807831 0.0808267 0.0808267 0.0778145 0.0778145 0.0853462 0.0853462 0.9389888 1.3266328 1.2038995 1.3294599 0.0049383 0.0041502 0.0215486 0.0000000 0.0017759 0.0000022 0.0033981 1.3657350 
MT755640.1_Aspiculuris_tetraptera  0.0961127 0.0973377 0.1001602 0.0830444 0.0774022 0.0741625 0.0834782 0.0734493 0.0837429 0.0837429 0.0837881 0.0837881 0.0807611 0.0807611 0.0883293 0.0883293 0.9552101 1.3266328 1.2038995 1.3186284 0.0024620 0.0041464 0.0227675 0.0017759 0.0000000 0.0012034 0.0000010 1.3587348 
KY462828.1_Aspiculuris_tetraptera  0.0967881 0.0973932 0.1002207 0.0835666 0.0787289 0.0726521 0.0810460 0.0727902 0.0807831 0.0807831 0.0808267 0.0808267 0.0778145 0.0778145 0.0853462 0.0853462 0.9552101 1.3266328 1.2038995 1.3184459 0.0025299 0.0006011 0.0215486 0.0000022 0.0012034 0.0000000 0.0000010 1.3613839 
MT613322.1_Aspiculuris_tetraptera  0.0808503 0.0601025 0.0491843 0.0682200 0.0656828 0.0000010 0.0725491 0.0637460 0.0000010 0.0000010 0.0000010 0.0000010 0.0000010 0.0000010 0.0000010 0.0000010 0.8266129 1.3013976 1.1643787 1.5263893 0.0000010 0.0056692 0.1335267 0.0033981 0.0000010 0.0000010 0.0000000 1.5582466 
KT764937.1_Aspiculuris_tetraptera  1.4096917 1.2837697 1.2593082 1.5727046 1.5389627 1.3186322 1.4475227 1.4006237 1.2578015 1.2578015 1.2628863 1.2628863 1.2390817 1.2390817 1.3016358 1.3016358 1.5123457 1.6481580 1.6519403 0.3221485 1.5413407 1.3904994 1.2829675 1.3657350 1.3587348 1.3613839 1.5582466 0.0000000 
