57
EF464553.1                                     0.0000000 0.2155148 0.0942474 0.0150192 0.0622928 0.1099830 0.1099830 0.1099830 0.1099830 0.1060023 0.1060023 0.1179572 0.1179572 0.7264659 2.1302818 2.0611065 1.7839942 0.3652533 0.0894454 0.1392744 0.0865573 0.0845217 0.0850605 0.0694459 1.8341045 0.0000010 0.0000010 0.0000010 0.0000010 0.0000010 0.0000010 0.0000010 0.0000010 0.0000010 0.0000010 0.0000010 0.0000010 0.0000010 0.0000010 0.1181243 0.0897258 0.0000010 0.0000010 0.0000010 0.0000010 0.0000010 0.0000010 0.1195285 0.0907476 0.0660825 0.0763548 0.0823413 0.0596059 0.0874918 0.0649567 0.0739827 0.0881684 
EF464554.1                                     0.2155148 0.0000000 0.0198948 0.0667308 0.0058128 0.0196301 0.0196301 0.0196301 0.0196301 0.0229687 0.0229687 0.0365640 0.0365640 0.0841146 1.2222891 1.2103924 1.6531202 0.3194888 0.0816956 0.1081669 0.0788420 0.0768405 0.0781452 0.0667988 1.6990886 0.0000010 0.0000010 0.0000010 0.0000010 0.0000010 0.0000010 0.0000010 0.0000010 0.0000010 0.0000010 0.0000010 0.0000010 0.0000010 0.0000010 0.0814699 0.0083286 0.0000010 0.0000010 0.0000010 0.0000010 0.0000010 0.0000010 0.0824048 0.0084165 0.0088974 0.0861155 0.0817454 0.0033014 0.0867565 0.0000010 0.0000010 0.0884359 
AB629697.1                                     0.0942474 0.0198948 0.0000000 0.0660027 0.0107021 0.0056532 0.0056532 0.0056529 0.0056529 0.0000010 0.0000010 0.0273919 0.0273919 0.0000010 0.0000010 0.0000010 1.2424903 0.0954255 0.0774767 0.0727040 0.0774767 0.0790175 0.0774767 0.0000010 1.1459412 0.0133660 0.0133660 0.0133109 0.0133109 0.0134779 0.0134219 0.0985294 0.0985294 0.0134359 0.0134359 0.0981794 0.0981794 0.0981794 0.0134359 0.0907924 0.0030518 0.0135202 0.0135202 0.0988814 0.0135202 0.0988814 0.0135202 0.0919565 0.0030867 0.0000010 0.0000010 0.0000010 0.0000010 0.0000010 0.0000010 0.0000010 0.0000010 
KY462829.1                                     0.0150192 0.0667308 0.0660027 0.0000000 0.0531836 0.0640302 0.0640302 0.0640276 0.0640276 0.0640113 0.0640113 0.0742606 0.0742606 0.0000010 0.0000010 0.0000010 1.3986469 0.0904627 0.0878245 0.1030388 0.0858531 0.0863840 0.0839036 0.0779665 1.4164813 0.0414311 0.0414311 0.0414311 0.0414311 0.0417002 0.0417002 0.1087329 0.1087329 0.0415981 0.0415981 0.1084373 0.1084373 0.1084373 0.0415981 0.1174127 0.0992400 0.0418027 0.0418027 0.1090296 0.0418027 0.1090296 0.0418027 0.1188010 0.1003780 0.0627809 0.0800879 0.0905781 0.0558713 0.0971707 0.0606100 0.0826823 0.1057892 
KY462826.1                                     0.0622928 0.0058128 0.0107021 0.0531836 0.0000000 0.0077714 0.0077714 0.0051673 0.0051673 0.0103856 0.0103856 0.0236678 0.0236678 0.0000010 0.0000010 0.0000010 1.3327436 0.0771397 0.0780168 0.0770369 0.0761634 0.0767297 0.0760878 0.0714652 1.3467775 0.0200865 0.0200865 0.0200865 0.0200865 0.0202127 0.0202127 0.1072168 0.1072168 0.0201653 0.0201653 0.1069293 0.1069293 0.1069293 0.0201653 0.0782323 0.0111405 0.0202603 0.0202603 0.1075057 0.0202603 0.1075057 0.0202603 0.0791271 0.0112574 0.0119038 0.0862294 0.0818660 0.0066282 0.0869053 0.0038037 0.0065039 0.1035084 
OK138900.1                                     0.1099830 0.0196301 0.0056532 0.0640302 0.0077714 0.0000000 0.0000010 0.0025666 0.0025666 0.0051450 0.0051450 0.0235542 0.0235542 0.0000010 0.0000010 0.0000010 1.2222883 0.1117429 0.0827030 0.0727691 0.0827030 0.0857089 0.0827030 0.0000010 1.1336954 0.0000010 0.0000010 0.0000010 0.0000010 0.0000010 0.0000010 0.0936926 0.0936926 0.0000010 0.0000010 0.0934397 0.0934397 0.0934397 0.0000010 0.1080312 0.0000010 0.0000010 0.0000010 0.0939469 0.0000010 0.0939469 0.0000010 0.1096871 0.0000010 0.0000010 0.0000010 0.0000010 0.0000010 0.0000010 0.0000010 0.0000010 0.0000010 
OK138907.1                                     0.1099830 0.0196301 0.0056532 0.0640302 0.0077714 0.0000010 0.0000000 0.0025666 0.0025666 0.0051450 0.0051450 0.0235542 0.0235542 0.0000010 0.0000010 0.0000010 1.2222883 0.1117429 0.0827030 0.0727691 0.0827030 0.0857089 0.0827030 0.0000010 1.1336954 0.0000010 0.0000010 0.0000010 0.0000010 0.0000010 0.0000010 0.0936926 0.0936926 0.0000010 0.0000010 0.0934397 0.0934397 0.0934397 0.0000010 0.1080312 0.0000010 0.0000010 0.0000010 0.0939469 0.0000010 0.0939469 0.0000010 0.1096871 0.0000010 0.0000010 0.0000010 0.0000010 0.0000010 0.0000010 0.0000010 0.0000010 0.0000010 
OK138885.1                                     0.1099830 0.0196301 0.0056529 0.0640276 0.0051673 0.0025666 0.0025666 0.0000000 0.0000010 0.0051448 0.0051448 0.0235530 0.0235530 0.0000010 0.0000010 0.0000010 1.2354116 0.1117429 0.0842806 0.0744185 0.0842806 0.0872966 0.0842806 0.0000010 1.1455437 0.0067740 0.0067740 0.0067740 0.0067740 0.0068170 0.0068170 0.0979859 0.0979859 0.0068009 0.0068009 0.0977194 0.0977194 0.0977194 0.0068009 0.1080312 0.0000010 0.0068332 0.0068332 0.0982539 0.0068332 0.0982539 0.0068332 0.1096871 0.0000010 0.0000010 0.0000010 0.0000010 0.0000010 0.0000010 0.0000010 0.0000010 0.0000010 
OK138886.1                                     0.1099830 0.0196301 0.0056529 0.0640276 0.0051673 0.0025666 0.0025666 0.0000010 0.0000000 0.0051448 0.0051448 0.0235530 0.0235530 0.0000010 0.0000010 0.0000010 1.2354116 0.1117429 0.0842806 0.0744185 0.0842806 0.0872966 0.0842806 0.0000010 1.1455437 0.0067740 0.0067740 0.0067740 0.0067740 0.0068170 0.0068170 0.0979859 0.0979859 0.0068009 0.0068009 0.0977194 0.0977194 0.0977194 0.0068009 0.1080312 0.0000010 0.0068332 0.0068332 0.0982539 0.0068332 0.0982539 0.0068332 0.1096871 0.0000010 0.0000010 0.0000010 0.0000010 0.0000010 0.0000010 0.0000010 0.0000010 0.0000010 
OK138897.1                                     0.1060023 0.0229687 0.0000010 0.0640113 0.0103856 0.0051450 0.0051450 0.0051448 0.0051448 0.0000000 0.0000010 0.0262327 0.0262327 0.0000010 0.0000010 0.0000010 1.2157264 0.1076925 0.0841902 0.0743346 0.0841902 0.0872030 0.0841902 0.0000010 1.1219922 0.0101927 0.0101927 0.0101927 0.0101927 0.0102577 0.0102577 0.1019014 0.1019014 0.0102334 0.0102334 0.1016232 0.1016232 0.1016232 0.0102334 0.1035531 0.0035649 0.0102821 0.0102821 0.1021811 0.0102821 0.1021811 0.0102821 0.1051320 0.0036128 0.0000010 0.0000010 0.0000010 0.0000010 0.0000010 0.0000010 0.0000010 0.0000010 
OK138899.1                                     0.1060023 0.0229687 0.0000010 0.0640113 0.0103856 0.0051450 0.0051450 0.0051448 0.0051448 0.0000010 0.0000000 0.0262327 0.0262327 0.0000010 0.0000010 0.0000010 1.2157264 0.1076925 0.0841902 0.0743346 0.0841902 0.0872030 0.0841902 0.0000010 1.1219922 0.0101927 0.0101927 0.0101927 0.0101927 0.0102577 0.0102577 0.1019014 0.1019014 0.0102334 0.0102334 0.1016232 0.1016232 0.1016232 0.0102334 0.1035531 0.0035649 0.0102821 0.0102821 0.1021811 0.0102821 0.1021811 0.0102821 0.1051320 0.0036128 0.0000010 0.0000010 0.0000010 0.0000010 0.0000010 0.0000010 0.0000010 0.0000010 
OK138904.1                                     0.1179572 0.0365640 0.0273919 0.0742606 0.0236678 0.0235542 0.0235542 0.0235530 0.0235530 0.0262327 0.0262327 0.0000000 0.0000010 0.0000010 0.0000010 0.0000010 1.2735891 0.1119021 0.0889602 0.0792573 0.0889602 0.0920038 0.0889602 0.0000010 1.1801247 0.0240954 0.0240954 0.0240954 0.0240954 0.0242511 0.0242511 0.1106933 0.1106933 0.0241925 0.0241925 0.1103870 0.1103870 0.1103870 0.0241925 0.1082018 0.0254442 0.0243100 0.0243100 0.1110023 0.0243100 0.1110023 0.0243100 0.1098632 0.0257944 0.0000010 0.0000010 0.0000010 0.0000010 0.0000010 0.0000010 0.0000010 0.0000010 
OK138908.1                                     0.1179572 0.0365640 0.0273919 0.0742606 0.0236678 0.0235542 0.0235542 0.0235530 0.0235530 0.0262327 0.0262327 0.0000010 0.0000000 0.0000010 0.0000010 0.0000010 1.2735891 0.1119021 0.0889602 0.0792573 0.0889602 0.0920038 0.0889602 0.0000010 1.1801247 0.0240954 0.0240954 0.0240954 0.0240954 0.0242511 0.0242511 0.1106933 0.1106933 0.0241925 0.0241925 0.1103870 0.1103870 0.1103870 0.0241925 0.1082018 0.0254442 0.0243100 0.0243100 0.1110023 0.0243100 0.1110023 0.0243100 0.1098632 0.0257944 0.0000010 0.0000010 0.0000010 0.0000010 0.0000010 0.0000010 0.0000010 0.0000010 
EU263105.2                                     0.7264659 0.0841146 0.0000010 0.0000010 0.0000010 0.0000010 0.0000010 0.0000010 0.0000010 0.0000010 0.0000010 0.0000010 0.0000010 0.0000000 1.1978548 1.2338267 1.7654265 1.0270960 0.0000010 0.0000010 0.0000010 0.0000010 0.0000010 0.0000010 1.7626474 0.0000010 0.0000010 0.0000010 0.0000010 0.0000010 0.0000010 0.0000010 0.0000010 0.0000010 0.0000010 0.0000010 0.0000010 0.0000010 0.0000010 0.0000010 0.0000010 0.0000010 0.0000010 0.0000010 0.0000010 0.0000010 0.0000010 0.0000010 0.0000010 0.0000010 0.0000010 0.0000010 0.0000010 0.0000010 0.0000010 0.0000010 0.0000010 
MT135057.1                                     2.1302818 1.2222891 0.0000010 0.0000010 0.0000010 0.0000010 0.0000010 0.0000010 0.0000010 0.0000010 0.0000010 0.0000010 0.0000010 1.1978548 0.0000000 0.0497091 1.0238966 2.4036297 0.0000010 0.0000010 0.0000010 0.0000010 0.0000010 0.0000010 0.9343613 0.0000010 0.0000010 0.0000010 0.0000010 0.0000010 0.0000010 0.0000010 0.0000010 0.0000010 0.0000010 0.0000010 0.0000010 0.0000010 0.0000010 0.0000010 0.0000010 0.0000010 0.0000010 0.0000010 0.0000010 0.0000010 0.0000010 0.0000010 0.0000010 0.0000010 0.0000010 0.0000010 0.0000010 0.0000010 0.0000010 0.0000010 0.0000010 
MT135058.1                                     2.0611065 1.2103924 0.0000010 0.0000010 0.0000010 0.0000010 0.0000010 0.0000010 0.0000010 0.0000010 0.0000010 0.0000010 0.0000010 1.2338267 0.0497091 0.0000000 1.0267093 2.4310146 0.0000010 0.0000010 0.0000010 0.0000010 0.0000010 0.0000010 0.9454036 0.0000010 0.0000010 0.0000010 0.0000010 0.0000010 0.0000010 0.0000010 0.0000010 0.0000010 0.0000010 0.0000010 0.0000010 0.0000010 0.0000010 0.0000010 0.0000010 0.0000010 0.0000010 0.0000010 0.0000010 0.0000010 0.0000010 0.0000010 0.0000010 0.0000010 0.0000010 0.0000010 0.0000010 0.0000010 0.0000010 0.0000010 0.0000010 
KT900946.1                                     1.7839942 1.6531202 1.2424903 1.3986469 1.3327436 1.2222883 1.2222883 1.2354116 1.2354116 1.2157264 1.2157264 1.2735891 1.2735891 1.7654265 1.0238966 1.0267093 0.0000000 1.7400577 1.2763227 1.3370543 1.2727020 1.2638277 1.2716972 1.3295429 0.3169771 0.9888583 0.9872995 0.9826197 0.9810801 0.9794673 0.9732492 0.9266485 0.9338499 0.9859579 0.9837004 0.9470194 0.9491638 0.9523323 0.9893055 1.4615240 1.4023117 0.9852246 0.9996530 0.9597023 0.9973289 0.9619076 1.0031040 1.4483467 1.3890498 1.0193081 0.9969890 1.2046572 1.2496159 1.2585223 1.3219184 1.5148114 1.3341158 
EF464551.1                                     0.3652533 0.3194888 0.0954255 0.0904627 0.0771397 0.1117429 0.1117429 0.1117429 0.1117429 0.1076925 0.1076925 0.1119021 0.1119021 1.0270960 2.4036297 2.4310146 1.7400577 0.0000000 0.0066376 0.0399060 0.0049727 0.0024779 0.0025460 0.0000010 1.7377964 0.0000010 0.0000010 0.0000010 0.0000010 0.0000010 0.0000010 0.0000010 0.0000010 0.0000010 0.0000010 0.0000010 0.0000010 0.0000010 0.0000010 0.0055745 0.0908302 0.0000010 0.0000010 0.0000010 0.0000010 0.0000010 0.0000010 0.0056328 0.0918773 0.0828819 0.0000010 0.0066293 0.0783038 0.0000010 0.0867565 0.0852801 0.0000010 
MH215350.1                                     0.0894454 0.0816956 0.0774767 0.0878245 0.0780168 0.0827030 0.0827030 0.0842806 0.0842806 0.0841902 0.0841902 0.0889602 0.0889602 0.0000010 0.0000010 0.0000010 1.2763227 0.0066376 0.0000000 0.0239676 0.0041785 0.0041740 0.0006050 0.0057259 1.3143657 0.1052004 0.1010842 0.1052004 0.1010842 0.1021674 0.1021674 0.0195904 0.0195159 0.1035090 0.1033662 0.0216559 0.0216839 0.0217212 0.1037007 0.0055745 0.0908302 0.1002652 0.1040132 0.0217500 0.1038690 0.0217781 0.1042068 0.0056328 0.0918773 0.0859567 0.0000010 0.0066293 0.0783038 0.0000010 0.0867565 0.1145593 0.0159725 
KP338606.1                                     0.1392744 0.1081669 0.0727040 0.1030388 0.0770369 0.0727691 0.0727691 0.0744185 0.0744185 0.0743346 0.0743346 0.0792573 0.0792573 0.0000010 0.0000010 0.0000010 1.3370543 0.0399060 0.0239676 0.0000000 0.0239676 0.0251938 0.0239676 0.1249456 1.3007151 0.0802970 0.0802970 0.0802970 0.0802970 0.0809751 0.0809751 0.0000010 0.0000010 0.0807144 0.0807144 0.0000010 0.0000010 0.0000010 0.0807144 0.0000010 0.0873524 0.0812375 0.0812375 0.0000010 0.0812375 0.0000010 0.0812375 0.0000010 0.0883538 0.0000010 0.0000010 0.0000010 0.0000010 0.0000010 0.0000010 0.0000010 0.0000010 
KY462827.1                                     0.0865573 0.0788420 0.0774767 0.0858531 0.0761634 0.0827030 0.0827030 0.0842806 0.0842806 0.0841902 0.0841902 0.0889602 0.0889602 0.0000010 0.0000010 0.0000010 1.2727020 0.0049727 0.0041785 0.0239676 0.0000000 0.0017863 0.0000029 0.0034304 1.3088172 0.1073690 0.1073690 0.1073690 0.1073690 0.1081228 0.1081228 0.0277275 0.0277275 0.1078305 0.1078305 0.0276604 0.0276604 0.0276604 0.1078305 0.0055745 0.0908302 0.1084168 0.1084168 0.0277950 0.1084168 0.0277950 0.1084168 0.0056328 0.0918773 0.0859567 0.0000010 0.0066293 0.0783038 0.0000010 0.0867565 0.1030003 0.0095440 
MT755640.1                                     0.0845217 0.0768405 0.0790175 0.0863840 0.0767297 0.0857089 0.0857089 0.0872966 0.0872966 0.0872030 0.0872030 0.0920038 0.0920038 0.0000010 0.0000010 0.0000010 1.2638277 0.0024779 0.0041740 0.0251938 0.0017863 0.0000000 0.0012112 0.0000010 1.3024963 0.1117646 0.1117646 0.1117646 0.1117646 0.1125547 0.1125547 0.0313743 0.0313743 0.1122479 0.1122479 0.0312977 0.0312977 0.0312977 0.1122479 0.0055745 0.0908302 0.1128626 0.1128626 0.0314512 0.1128626 0.0314512 0.1128626 0.0056328 0.0918773 0.0859567 0.0000010 0.0066293 0.0783038 0.0000010 0.0867565 0.0946414 0.0000010 
KY462828.1                                     0.0850605 0.0781452 0.0774767 0.0839036 0.0760878 0.0827030 0.0827030 0.0842806 0.0842806 0.0841902 0.0841902 0.0889602 0.0889602 0.0000010 0.0000010 0.0000010 1.2716972 0.0025460 0.0006050 0.0239676 0.0000029 0.0012112 0.0000000 0.0000010 1.3010025 0.1036654 0.1036654 0.1036654 0.1036654 0.1043929 0.1043929 0.0242628 0.0242628 0.1041111 0.1041111 0.0242042 0.0242042 0.0242042 0.1041111 0.0055745 0.0908302 0.1046762 0.1046762 0.0243218 0.1046762 0.0243218 0.1046762 0.0056328 0.0918773 0.0859567 0.0000010 0.0066293 0.0783038 0.0000010 0.0867565 0.1027210 0.0000010 
MT613322.1                                     0.0694459 0.0667988 0.0000010 0.0779665 0.0714652 0.0000010 0.0000010 0.0000010 0.0000010 0.0000010 0.0000010 0.0000010 0.0000010 0.0000010 0.0000010 0.0000010 1.3295429 0.0000010 0.0057259 0.1249456 0.0034304 0.0000010 0.0000010 0.0000000 1.4650580 0.0000010 0.0000010 0.0000010 0.0000010 0.0000010 0.0000010 0.0000010 0.0000010 0.0000010 0.0000010 0.0000010 0.0000010 0.0000010 0.0000010 0.0000010 0.0175833 0.0000010 0.0000010 0.0000010 0.0000010 0.0000010 0.0000010 0.0000010 0.0175833 0.0859567 0.0000010 0.0066293 0.0783038 0.0000010 0.0867565 0.0887054 0.0000010 
KT764937.1                                     1.8341045 1.6990886 1.1459412 1.4164813 1.3467775 1.1336954 1.1336954 1.1455437 1.1455437 1.1219922 1.1219922 1.1801247 1.1801247 1.7626474 0.9343613 0.9454036 0.3169771 1.7377964 1.3143657 1.3007151 1.3088172 1.3024963 1.3010025 1.4650580 0.0000000 0.9818156 0.9802880 0.9757010 0.9741921 0.9725066 0.9664127 0.9991308 1.0066607 0.9906836 0.9884331 1.0163573 1.0187027 1.0221910 0.9940221 1.3522327 1.2914683 0.9900034 1.0043689 1.0307692 1.0020524 1.0331854 1.0078099 1.3291074 1.2692640 0.9929214 0.9707654 1.3361152 1.3887520 1.3908409 1.4643822 1.6671225 1.4363593 
18S_0067a_deg_3Mod_53_F.NSR399_3Mod_53_R_ASV_1 0.0000010 0.0000010 0.0133660 0.0414311 0.0200865 0.0000010 0.0000010 0.0067740 0.0067740 0.0101927 0.0101927 0.0240954 0.0240954 0.0000010 0.0000010 0.0000010 0.9888583 0.0000010 0.1052004 0.0802970 0.1073690 0.1117646 0.1036654 0.0000010 0.9818156 0.0000000 0.0031289 0.0000010 0.0031289 0.0000010 0.0000010 0.0941933 0.0978730 0.0031404 0.0031404 0.0976260 0.0976260 0.0976260 0.0031404 0.0000010 0.0000010 0.0031541 0.0031541 0.0981213 0.0031541 0.0981213 0.0031541 0.0000010 0.0000010 0.0000010 0.0000010 0.0000010 0.0000010 0.0000010 0.0000010 0.0000010 0.0000010 
18S_0067a_deg_3Mod_53_F.NSR399_3Mod_53_R_ASV_2 0.0000010 0.0000010 0.0133660 0.0414311 0.0200865 0.0000010 0.0000010 0.0067740 0.0067740 0.0101927 0.0101927 0.0240954 0.0240954 0.0000010 0.0000010 0.0000010 0.9872995 0.0000010 0.1010842 0.0802970 0.1073690 0.1117646 0.1036654 0.0000010 0.9802880 0.0031289 0.0000000 0.0031289 0.0000010 0.0000010 0.0000010 0.0941933 0.0938137 0.0000010 0.0000010 0.0935787 0.0935787 0.0935787 0.0000010 0.0000010 0.0000010 0.0000010 0.0000010 0.0940498 0.0000010 0.0940498 0.0000010 0.0000010 0.0000010 0.0000010 0.0000010 0.0000010 0.0000010 0.0000010 0.0000010 0.0000010 0.0000010 
18S_0067a_deg_3Mod_53_F.NSR399_3Mod_53_R_ASV_3 0.0000010 0.0000010 0.0133109 0.0414311 0.0200865 0.0000010 0.0000010 0.0067740 0.0067740 0.0101927 0.0101927 0.0240954 0.0240954 0.0000010 0.0000010 0.0000010 0.9826197 0.0000010 0.1052004 0.0802970 0.1073690 0.1117646 0.1036654 0.0000010 0.9757010 0.0000010 0.0031289 0.0000000 0.0031198 0.0000010 0.0000010 0.0941933 0.0978730 0.0031404 0.0031404 0.0976260 0.0976260 0.0976260 0.0031404 0.0000010 0.0000010 0.0031541 0.0031541 0.0981213 0.0031541 0.0981213 0.0031541 0.0000010 0.0000010 0.0000010 0.0000010 0.0000010 0.0000010 0.0000010 0.0000010 0.0000010 0.0000010 
18S_0067a_deg_3Mod_53_F.NSR399_3Mod_53_R_ASV_4 0.0000010 0.0000010 0.0133109 0.0414311 0.0200865 0.0000010 0.0000010 0.0067740 0.0067740 0.0101927 0.0101927 0.0240954 0.0240954 0.0000010 0.0000010 0.0000010 0.9810801 0.0000010 0.1010842 0.0802970 0.1073690 0.1117646 0.1036654 0.0000010 0.9741921 0.0031289 0.0000010 0.0031198 0.0000000 0.0000010 0.0000010 0.0941933 0.0938137 0.0000010 0.0000010 0.0935787 0.0935787 0.0935787 0.0000010 0.0000010 0.0000010 0.0000010 0.0000010 0.0940498 0.0000010 0.0940498 0.0000010 0.0000010 0.0000010 0.0000010 0.0000010 0.0000010 0.0000010 0.0000010 0.0000010 0.0000010 0.0000010 
18S_0067a_deg_5Mod_52_F.NSR399_5Mod_52_R_ASV_1 0.0000010 0.0000010 0.0134779 0.0417002 0.0202127 0.0000010 0.0000010 0.0068170 0.0068170 0.0102577 0.0102577 0.0242511 0.0242511 0.0000010 0.0000010 0.0000010 0.9794673 0.0000010 0.1021674 0.0809751 0.1081228 0.1125547 0.1043929 0.0000010 0.9725066 0.0000010 0.0000010 0.0000010 0.0000010 0.0000000 0.0000010 0.0941933 0.0941933 0.0000010 0.0000010 0.0941933 0.0941933 0.0941933 0.0000010 0.0000010 0.0000010 0.0000010 0.0000010 0.0944314 0.0000010 0.0944314 0.0000010 0.0000010 0.0000010 0.0000010 0.0000010 0.0000010 0.0000010 0.0000010 0.0000010 0.0000010 0.0000010 
18S_0067a_deg_5Mod_52_F.NSR399_5Mod_52_R_ASV_2 0.0000010 0.0000010 0.0134219 0.0417002 0.0202127 0.0000010 0.0000010 0.0068170 0.0068170 0.0102577 0.0102577 0.0242511 0.0242511 0.0000010 0.0000010 0.0000010 0.9732492 0.0000010 0.1021674 0.0809751 0.1081228 0.1125547 0.1043929 0.0000010 0.9664127 0.0000010 0.0000010 0.0000010 0.0000010 0.0000010 0.0000000 0.0941933 0.0941933 0.0000010 0.0000010 0.0941933 0.0941933 0.0941933 0.0000010 0.0000010 0.0000010 0.0000010 0.0000010 0.0944314 0.0000010 0.0944314 0.0000010 0.0000010 0.0000010 0.0000010 0.0000010 0.0000010 0.0000010 0.0000010 0.0000010 0.0000010 0.0000010 
18S_0067a_deg_5Mod_52_F.NSR399_5Mod_52_R_ASV_3 0.0000010 0.0000010 0.0985294 0.1087329 0.1072168 0.0936926 0.0936926 0.0979859 0.0979859 0.1019014 0.1019014 0.1106933 0.1106933 0.0000010 0.0000010 0.0000010 0.9266485 0.0000010 0.0195904 0.0000010 0.0277275 0.0313743 0.0242628 0.0000010 0.9991308 0.0941933 0.0941933 0.0941933 0.0941933 0.0941933 0.0941933 0.0000000 0.0000010 0.0941933 0.0941933 0.0000010 0.0000010 0.0000010 0.0941933 0.0000010 0.0000010 0.0944314 0.0944314 0.0000010 0.0944314 0.0000010 0.0944314 0.0000010 0.0000010 0.0000010 0.0000010 0.0000010 0.0000010 0.0000010 0.0000010 0.0000010 0.0000010 
18S_0067a_deg_5Mod_52_F.NSR399_5Mod_52_R_ASV_4 0.0000010 0.0000010 0.0985294 0.1087329 0.1072168 0.0936926 0.0936926 0.0979859 0.0979859 0.1019014 0.1019014 0.1106933 0.1106933 0.0000010 0.0000010 0.0000010 0.9338499 0.0000010 0.0195159 0.0000010 0.0277275 0.0313743 0.0242628 0.0000010 1.0066607 0.0978730 0.0938137 0.0978730 0.0938137 0.0941933 0.0941933 0.0000010 0.0000000 0.0938137 0.0938137 0.0000010 0.0000010 0.0000010 0.0938137 0.0000010 0.0000010 0.0940498 0.0940498 0.0000010 0.0940498 0.0000010 0.0940498 0.0000010 0.0000010 0.0000010 0.0000010 0.0000010 0.0000010 0.0000010 0.0000010 0.0000010 0.0000010 
MarkN_10_F.Euk360_CR_21_R_ASV_1                0.0000010 0.0000010 0.0134359 0.0415981 0.0201653 0.0000010 0.0000010 0.0068009 0.0068009 0.0102334 0.0102334 0.0241925 0.0241925 0.0000010 0.0000010 0.0000010 0.9859579 0.0000010 0.1035090 0.0807144 0.1078305 0.1122479 0.1041111 0.0000010 0.9906836 0.0031404 0.0000010 0.0031404 0.0000010 0.0000010 0.0000010 0.0941933 0.0938137 0.0000000 0.0029845 0.0959359 0.0923426 0.0960016 0.0029863 0.0000010 0.0000010 0.0029969 0.0000010 0.0963972 0.0029969 0.0927846 0.0029987 0.0000010 0.0000010 0.0000010 0.0000010 0.0000010 0.0000010 0.0000010 0.0000010 0.0000010 0.0000010 
MarkN_10_F.Euk360_CR_21_R_ASV_2                0.0000010 0.0000010 0.0134359 0.0415981 0.0201653 0.0000010 0.0000010 0.0068009 0.0068009 0.0102334 0.0102334 0.0241925 0.0241925 0.0000010 0.0000010 0.0000010 0.9837004 0.0000010 0.1033662 0.0807144 0.1078305 0.1122479 0.1041111 0.0000010 0.9884331 0.0031404 0.0000010 0.0031404 0.0000010 0.0000010 0.0000010 0.0941933 0.0938137 0.0029845 0.0000000 0.0922729 0.0959359 0.0961119 0.0029895 0.0000010 0.0000010 0.0029932 0.0029969 0.0927141 0.0000010 0.0963972 0.0030019 0.0000010 0.0000010 0.0000010 0.0000010 0.0000010 0.0000010 0.0000010 0.0000010 0.0000010 0.0000010 
MarkN_10_F.Euk360_CR_21_R_ASV_3                0.0000010 0.0000010 0.0981794 0.1084373 0.1069293 0.0934397 0.0934397 0.0977194 0.0977194 0.1016232 0.1016232 0.1103870 0.1103870 0.0000010 0.0000010 0.0000010 0.9470194 0.0000010 0.0216559 0.0000010 0.0276604 0.0312977 0.0242042 0.0000010 1.0163573 0.0976260 0.0935787 0.0976260 0.0935787 0.0941933 0.0941933 0.0000010 0.0000010 0.0959359 0.0922729 0.0000000 0.0030204 0.0030255 0.0961119 0.0000010 0.0000010 0.0962647 0.0963972 0.0000010 0.0927141 0.0030331 0.0965750 0.0000010 0.0000010 0.0000010 0.0000010 0.0000010 0.0000010 0.0000010 0.0000010 0.0000010 0.0000010 
MarkN_10_F.Euk360_CR_21_R_ASV_4                0.0000010 0.0000010 0.0981794 0.1084373 0.1069293 0.0934397 0.0934397 0.0977194 0.0977194 0.1016232 0.1016232 0.1103870 0.1103870 0.0000010 0.0000010 0.0000010 0.9491638 0.0000010 0.0216839 0.0000010 0.0276604 0.0312977 0.0242042 0.0000010 1.0187027 0.0976260 0.0935787 0.0976260 0.0935787 0.0941933 0.0941933 0.0000010 0.0000010 0.0923426 0.0959359 0.0030204 0.0000000 0.0030222 0.0960016 0.0000010 0.0000010 0.0963972 0.0927846 0.0030331 0.0963972 0.0000010 0.0964636 0.0000010 0.0000010 0.0000010 0.0000010 0.0000010 0.0000010 0.0000010 0.0000010 0.0000010 0.0000010 
MarkN_10_F.Euk360_CR_21_R_ASV_5                0.0000010 0.0000010 0.0981794 0.1084373 0.1069293 0.0934397 0.0934397 0.0977194 0.0977194 0.1016232 0.1016232 0.1103870 0.1103870 0.0000010 0.0000010 0.0000010 0.9523323 0.0000010 0.0217212 0.0000010 0.0276604 0.0312977 0.0242042 0.0000010 1.0221910 0.0976260 0.0935787 0.0976260 0.0935787 0.0941933 0.0941933 0.0000010 0.0000010 0.0960016 0.0961119 0.0030255 0.0030222 0.0000000 0.0924058 0.0000010 0.0000010 0.0965750 0.0964636 0.0030383 0.0965750 0.0030350 0.0928482 0.0000010 0.0000010 0.0000010 0.0000010 0.0000010 0.0000010 0.0000010 0.0000010 0.0000010 0.0000010 
MarkN_10_F.Euk360_CR_21_R_ASV_6                0.0000010 0.0000010 0.0134359 0.0415981 0.0201653 0.0000010 0.0000010 0.0068009 0.0068009 0.0102334 0.0102334 0.0241925 0.0241925 0.0000010 0.0000010 0.0000010 0.9893055 0.0000010 0.1037007 0.0807144 0.1078305 0.1122479 0.1041111 0.0000010 0.9940221 0.0031404 0.0000010 0.0031404 0.0000010 0.0000010 0.0000010 0.0941933 0.0938137 0.0029863 0.0029895 0.0961119 0.0960016 0.0924058 0.0000000 0.0000010 0.0000010 0.0030019 0.0029987 0.0965750 0.0030019 0.0964636 0.0000010 0.0000010 0.0000010 0.0000010 0.0000010 0.0000010 0.0000010 0.0000010 0.0000010 0.0000010 0.0000010 
Hadz_566_6_F.Nem_0425_4_2_R_ASV_1              0.1181243 0.0814699 0.0907924 0.1174127 0.0782323 0.1080312 0.1080312 0.1080312 0.1080312 0.1035531 0.1035531 0.1082018 0.1082018 0.0000010 0.0000010 0.0000010 1.4615240 0.0055745 0.0055745 0.0000010 0.0055745 0.0055745 0.0055745 0.0000010 1.3522327 0.0000010 0.0000010 0.0000010 0.0000010 0.0000010 0.0000010 0.0000010 0.0000010 0.0000010 0.0000010 0.0000010 0.0000010 0.0000010 0.0000010 0.0000000 0.0873524 0.0000010 0.0000010 0.0000010 0.0000010 0.0000010 0.0000010 0.0000010 0.0883538 0.0000010 0.0000010 0.0000010 0.0000010 0.0000010 0.0000010 0.0000010 0.0000010 
Hadz_566_6_F.Nem_0425_4_2_R_ASV_2              0.0897258 0.0083286 0.0030518 0.0992400 0.0111405 0.0000010 0.0000010 0.0000010 0.0000010 0.0035649 0.0035649 0.0254442 0.0254442 0.0000010 0.0000010 0.0000010 1.4023117 0.0908302 0.0908302 0.0873524 0.0908302 0.0908302 0.0908302 0.0175833 1.2914683 0.0000010 0.0000010 0.0000010 0.0000010 0.0000010 0.0000010 0.0000010 0.0000010 0.0000010 0.0000010 0.0000010 0.0000010 0.0000010 0.0000010 0.0873524 0.0000000 0.0000010 0.0000010 0.0000010 0.0000010 0.0000010 0.0000010 0.0883538 0.0000010 0.0000010 0.0000010 0.0000010 0.0000010 0.0000010 0.0000010 0.0000010 0.0000010 
MarkN_10_F.Proti440R_28_R_ASV_1                0.0000010 0.0000010 0.0135202 0.0418027 0.0202603 0.0000010 0.0000010 0.0068332 0.0068332 0.0102821 0.0102821 0.0243100 0.0243100 0.0000010 0.0000010 0.0000010 0.9852246 0.0000010 0.1002652 0.0812375 0.1084168 0.1128626 0.1046762 0.0000010 0.9900034 0.0031541 0.0000010 0.0031541 0.0000010 0.0000010 0.0000010 0.0944314 0.0940498 0.0029969 0.0029932 0.0962647 0.0963972 0.0965750 0.0030019 0.0000010 0.0000010 0.0000000 0.0029969 0.0962647 0.0029932 0.0963972 0.0030019 0.0000010 0.0000010 0.0000010 0.0000010 0.0000010 0.0000010 0.0000010 0.0000010 0.0000010 0.0000010 
MarkN_10_F.Proti440R_28_R_ASV_2                0.0000010 0.0000010 0.0135202 0.0418027 0.0202603 0.0000010 0.0000010 0.0068332 0.0068332 0.0102821 0.0102821 0.0243100 0.0243100 0.0000010 0.0000010 0.0000010 0.9996530 0.0000010 0.1040132 0.0812375 0.1084168 0.1128626 0.1046762 0.0000010 1.0043689 0.0031541 0.0000010 0.0031541 0.0000010 0.0000010 0.0000010 0.0944314 0.0940498 0.0000010 0.0029969 0.0963972 0.0927846 0.0964636 0.0029987 0.0000010 0.0000010 0.0029969 0.0000000 0.0963972 0.0029969 0.0927846 0.0029987 0.0000010 0.0000010 0.0000010 0.0000010 0.0000010 0.0000010 0.0000010 0.0000010 0.0000010 0.0000010 
MarkN_10_F.Proti440R_28_R_ASV_3                0.0000010 0.0000010 0.0988814 0.1090296 0.1075057 0.0939469 0.0939469 0.0982539 0.0982539 0.1021811 0.1021811 0.1110023 0.1110023 0.0000010 0.0000010 0.0000010 0.9597023 0.0000010 0.0217500 0.0000010 0.0277950 0.0314512 0.0243218 0.0000010 1.0307692 0.0981213 0.0940498 0.0981213 0.0940498 0.0944314 0.0944314 0.0000010 0.0000010 0.0963972 0.0927141 0.0000010 0.0030331 0.0030383 0.0965750 0.0000010 0.0000010 0.0962647 0.0963972 0.0000000 0.0927141 0.0030331 0.0965750 0.0000010 0.0000010 0.0000010 0.0000010 0.0000010 0.0000010 0.0000010 0.0000010 0.0000010 0.0000010 
MarkN_10_F.Proti440R_28_R_ASV_4                0.0000010 0.0000010 0.0135202 0.0418027 0.0202603 0.0000010 0.0000010 0.0068332 0.0068332 0.0102821 0.0102821 0.0243100 0.0243100 0.0000010 0.0000010 0.0000010 0.9973289 0.0000010 0.1038690 0.0812375 0.1084168 0.1128626 0.1046762 0.0000010 1.0020524 0.0031541 0.0000010 0.0031541 0.0000010 0.0000010 0.0000010 0.0944314 0.0940498 0.0029969 0.0000010 0.0927141 0.0963972 0.0965750 0.0030019 0.0000010 0.0000010 0.0029932 0.0029969 0.0927141 0.0000000 0.0963972 0.0030019 0.0000010 0.0000010 0.0000010 0.0000010 0.0000010 0.0000010 0.0000010 0.0000010 0.0000010 0.0000010 
MarkN_10_F.Proti440R_28_R_ASV_5                0.0000010 0.0000010 0.0988814 0.1090296 0.1075057 0.0939469 0.0939469 0.0982539 0.0982539 0.1021811 0.1021811 0.1110023 0.1110023 0.0000010 0.0000010 0.0000010 0.9619076 0.0000010 0.0217781 0.0000010 0.0277950 0.0314512 0.0243218 0.0000010 1.0331854 0.0981213 0.0940498 0.0981213 0.0940498 0.0944314 0.0944314 0.0000010 0.0000010 0.0927846 0.0963972 0.0030331 0.0000010 0.0030350 0.0964636 0.0000010 0.0000010 0.0963972 0.0927846 0.0030331 0.0963972 0.0000000 0.0964636 0.0000010 0.0000010 0.0000010 0.0000010 0.0000010 0.0000010 0.0000010 0.0000010 0.0000010 0.0000010 
MarkN_10_F.Proti440R_28_R_ASV_6                0.0000010 0.0000010 0.0135202 0.0418027 0.0202603 0.0000010 0.0000010 0.0068332 0.0068332 0.0102821 0.0102821 0.0243100 0.0243100 0.0000010 0.0000010 0.0000010 1.0031040 0.0000010 0.1042068 0.0812375 0.1084168 0.1128626 0.1046762 0.0000010 1.0078099 0.0031541 0.0000010 0.0031541 0.0000010 0.0000010 0.0000010 0.0944314 0.0940498 0.0029987 0.0030019 0.0965750 0.0964636 0.0928482 0.0000010 0.0000010 0.0000010 0.0030019 0.0029987 0.0965750 0.0030019 0.0964636 0.0000000 0.0000010 0.0000010 0.0000010 0.0000010 0.0000010 0.0000010 0.0000010 0.0000010 0.0000010 0.0000010 
Gen_600_7_F.Nem_0425_4_2_R_ASV_1               0.1195285 0.0824048 0.0919565 0.1188010 0.0791271 0.1096871 0.1096871 0.1096871 0.1096871 0.1051320 0.1051320 0.1098632 0.1098632 0.0000010 0.0000010 0.0000010 1.4483467 0.0056328 0.0056328 0.0000010 0.0056328 0.0056328 0.0056328 0.0000010 1.3291074 0.0000010 0.0000010 0.0000010 0.0000010 0.0000010 0.0000010 0.0000010 0.0000010 0.0000010 0.0000010 0.0000010 0.0000010 0.0000010 0.0000010 0.0000010 0.0883538 0.0000010 0.0000010 0.0000010 0.0000010 0.0000010 0.0000010 0.0000000 0.0883538 0.0000010 0.0000010 0.0000010 0.0000010 0.0000010 0.0000010 0.0000010 0.0000010 
Gen_600_7_F.Nem_0425_4_2_R_ASV_2               0.0907476 0.0084165 0.0030867 0.1003780 0.0112574 0.0000010 0.0000010 0.0000010 0.0000010 0.0036128 0.0036128 0.0257944 0.0257944 0.0000010 0.0000010 0.0000010 1.3890498 0.0918773 0.0918773 0.0883538 0.0918773 0.0918773 0.0918773 0.0175833 1.2692640 0.0000010 0.0000010 0.0000010 0.0000010 0.0000010 0.0000010 0.0000010 0.0000010 0.0000010 0.0000010 0.0000010 0.0000010 0.0000010 0.0000010 0.0883538 0.0000010 0.0000010 0.0000010 0.0000010 0.0000010 0.0000010 0.0000010 0.0883538 0.0000000 0.0000010 0.0000010 0.0000010 0.0000010 0.0000010 0.0000010 0.0000010 0.0000010 
Prot1702_32_F.wang1624CR6S_16_R_ASV_1          0.0660825 0.0088974 0.0000010 0.0627809 0.0119038 0.0000010 0.0000010 0.0000010 0.0000010 0.0000010 0.0000010 0.0000010 0.0000010 0.0000010 0.0000010 0.0000010 1.0193081 0.0828819 0.0859567 0.0000010 0.0859567 0.0859567 0.0859567 0.0859567 0.9929214 0.0000010 0.0000010 0.0000010 0.0000010 0.0000010 0.0000010 0.0000010 0.0000010 0.0000010 0.0000010 0.0000010 0.0000010 0.0000010 0.0000010 0.0000010 0.0000010 0.0000010 0.0000010 0.0000010 0.0000010 0.0000010 0.0000010 0.0000010 0.0000010 0.0000000 0.0859567 0.1271131 0.0191567 0.1487912 0.0220420 0.0000010 0.0519487 
Prot1702_32_F.wang1624CR6S_16_R_ASV_2          0.0763548 0.0861155 0.0000010 0.0800879 0.0862294 0.0000010 0.0000010 0.0000010 0.0000010 0.0000010 0.0000010 0.0000010 0.0000010 0.0000010 0.0000010 0.0000010 0.9969890 0.0000010 0.0000010 0.0000010 0.0000010 0.0000010 0.0000010 0.0000010 0.9707654 0.0000010 0.0000010 0.0000010 0.0000010 0.0000010 0.0000010 0.0000010 0.0000010 0.0000010 0.0000010 0.0000010 0.0000010 0.0000010 0.0000010 0.0000010 0.0000010 0.0000010 0.0000010 0.0000010 0.0000010 0.0000010 0.0000010 0.0000010 0.0000010 0.0859567 0.0000000 0.0000010 0.1276281 0.0000010 0.1494935 0.0519487 0.0000010 
wang1141_13_F.Nem_0425_6_3_R_ASV_1             0.0823413 0.0817454 0.0000010 0.0905781 0.0818660 0.0000010 0.0000010 0.0000010 0.0000010 0.0000010 0.0000010 0.0000010 0.0000010 0.0000010 0.0000010 0.0000010 1.2046572 0.0066293 0.0066293 0.0000010 0.0066293 0.0066293 0.0066293 0.0066293 1.3361152 0.0000010 0.0000010 0.0000010 0.0000010 0.0000010 0.0000010 0.0000010 0.0000010 0.0000010 0.0000010 0.0000010 0.0000010 0.0000010 0.0000010 0.0000010 0.0000010 0.0000010 0.0000010 0.0000010 0.0000010 0.0000010 0.0000010 0.0000010 0.0000010 0.1271131 0.0000010 0.0000000 0.0745453 0.0000010 0.0867565 0.0000010 0.0000010 
wang1141_13_F.Nem_0425_6_3_R_ASV_2             0.0596059 0.0033014 0.0000010 0.0558713 0.0066282 0.0000010 0.0000010 0.0000010 0.0000010 0.0000010 0.0000010 0.0000010 0.0000010 0.0000010 0.0000010 0.0000010 1.2496159 0.0783038 0.0783038 0.0000010 0.0783038 0.0783038 0.0783038 0.0783038 1.3887520 0.0000010 0.0000010 0.0000010 0.0000010 0.0000010 0.0000010 0.0000010 0.0000010 0.0000010 0.0000010 0.0000010 0.0000010 0.0000010 0.0000010 0.0000010 0.0000010 0.0000010 0.0000010 0.0000010 0.0000010 0.0000010 0.0000010 0.0000010 0.0000010 0.0191567 0.1276281 0.0745453 0.0000000 0.0867565 0.0000010 0.0000010 0.0000010 
wang1141_13_F.Nem_0425_6_3_R_ASV_3             0.0874918 0.0867565 0.0000010 0.0971707 0.0869053 0.0000010 0.0000010 0.0000010 0.0000010 0.0000010 0.0000010 0.0000010 0.0000010 0.0000010 0.0000010 0.0000010 1.2585223 0.0000010 0.0000010 0.0000010 0.0000010 0.0000010 0.0000010 0.0000010 1.3908409 0.0000010 0.0000010 0.0000010 0.0000010 0.0000010 0.0000010 0.0000010 0.0000010 0.0000010 0.0000010 0.0000010 0.0000010 0.0000010 0.0000010 0.0000010 0.0000010 0.0000010 0.0000010 0.0000010 0.0000010 0.0000010 0.0000010 0.0000010 0.0000010 0.1487912 0.0000010 0.0000010 0.0867565 0.0000000 0.0867565 0.0000010 0.0000010 
wang1141_13_F.Nem_0425_6_3_R_ASV_4             0.0649567 0.0000010 0.0000010 0.0606100 0.0038037 0.0000010 0.0000010 0.0000010 0.0000010 0.0000010 0.0000010 0.0000010 0.0000010 0.0000010 0.0000010 0.0000010 1.3219184 0.0867565 0.0867565 0.0000010 0.0867565 0.0867565 0.0867565 0.0867565 1.4643822 0.0000010 0.0000010 0.0000010 0.0000010 0.0000010 0.0000010 0.0000010 0.0000010 0.0000010 0.0000010 0.0000010 0.0000010 0.0000010 0.0000010 0.0000010 0.0000010 0.0000010 0.0000010 0.0000010 0.0000010 0.0000010 0.0000010 0.0000010 0.0000010 0.0220420 0.1494935 0.0867565 0.0000010 0.0867565 0.0000000 0.0000010 0.0000010 
Nem_0425_6CR_14_F.EukB_MH_24_R_ASV_1           0.0739827 0.0000010 0.0000010 0.0826823 0.0065039 0.0000010 0.0000010 0.0000010 0.0000010 0.0000010 0.0000010 0.0000010 0.0000010 0.0000010 0.0000010 0.0000010 1.5148114 0.0852801 0.1145593 0.0000010 0.1030003 0.0946414 0.1027210 0.0887054 1.6671225 0.0000010 0.0000010 0.0000010 0.0000010 0.0000010 0.0000010 0.0000010 0.0000010 0.0000010 0.0000010 0.0000010 0.0000010 0.0000010 0.0000010 0.0000010 0.0000010 0.0000010 0.0000010 0.0000010 0.0000010 0.0000010 0.0000010 0.0000010 0.0000010 0.0000010 0.0519487 0.0000010 0.0000010 0.0000010 0.0000010 0.0000000 0.0884359 
Nem_0425_6CR_14_F.EukB_MH_24_R_ASV_2           0.0881684 0.0884359 0.0000010 0.1057892 0.1035084 0.0000010 0.0000010 0.0000010 0.0000010 0.0000010 0.0000010 0.0000010 0.0000010 0.0000010 0.0000010 0.0000010 1.3341158 0.0000010 0.0159725 0.0000010 0.0095440 0.0000010 0.0000010 0.0000010 1.4363593 0.0000010 0.0000010 0.0000010 0.0000010 0.0000010 0.0000010 0.0000010 0.0000010 0.0000010 0.0000010 0.0000010 0.0000010 0.0000010 0.0000010 0.0000010 0.0000010 0.0000010 0.0000010 0.0000010 0.0000010 0.0000010 0.0000010 0.0000010 0.0000010 0.0519487 0.0000010 0.0000010 0.0000010 0.0000010 0.0000010 0.0884359 0.0000000 
